161,49
161,48
161,47
161,46
161,45
161,44
161,43
161,42
161,41
161,40
161,39
161,38
161,37
161,36
161,35
158,5
158,4
158,3
158,2
158,1
158,0
152,5
152,4
152,3
152,2
152,1
152,0
134,4
134,3
134,2
134,1
134,0
133,4
133,3
133,2
133,1
133,0
129,3
129,2
129,1
129,0
127,4
127,3
127,2
127,1
127,0
125,3
125,2
125,1
125,0
20,3
20,2
20,1
19,3
19,2
19,1
18,3
18,1
17,3
17,2
17,1
16,3
16,2
16,1
15,3
15,2
15,1
14,6
14,5
14,4
14,3
14,2
14,1
14,0
13,3
13,1
12,3
12,2
12,1
11,3
11,2
11,1
10,3
10,2
10,1
9,3
9,2
9,1
8,3
8,2
8,1
3,3
3,2
3,1
2,3
2,2
2,1
0,476
0,410
0,278
0,0
161,34
161,33
161,32
161,31
161,30
161,29
161,28
161,27
